# Created by Octave 5.1.0, Wed Jul 31 13:58:05 2019 GMT <unknown@DESKTOP-DF8RQRR>
# name: L1
# type: matrix
# rows: 1
# columns: 10
 0 0 0 0 0 0 0 0 0 0


# name: L2
# type: matrix
# rows: 1
# columns: 10
 0 0 0 0 0 0 0 0 0 0


# name: argn
# type: sq_string
# elements: 7
# length: 3
hme
# length: 3
X' 
# length: 3
Y' 
# length: 3
10 
# length: 3
0  
# length: 3
0.7
# length: 3
0  


# name: d
# type: scalar
4


# name: h
# type: scalar
1


# name: hme
# type: scalar struct
# ndims: 2
 1 1
# length: 5
# name: leaf
# type: scalar
0


# name: param
# type: scalar struct
# ndims: 2
 1 1
# length: 2
# name: A
# type: matrix
# rows: 3
# columns: 4
 0.12891120516370697 0.047489495764410791 0.11421084653519643 0.21672510146112339
 0.14802802996094555 0.051164262661424084 0.038430259375212397 0.020748423735884546
 0.23335370438714839 0.074000623918973843 0.22549088695461256 0.14752128560506525


# name: B
# type: matrix
# rows: 3
# columns: 4
 0.21646122433418949 0.18962767341459838 0.15117756191409396 0.10502210123760948
 0.18582287120191118 0.052199664672434018 0.11326032515074246 0.18980093123413697
 0.021237129639285129 0.23111725129810798 0.23464448134288951 0.020577648026190092




# name: type
# type: sq_string
# elements: 1
# length: 3
mlp


# name: h
# type: scalar
3


# name: children
# type: cell
# rows: 1
# columns: 3
# name: <cell-element>
# type: scalar struct
# ndims: 2
 1 1
# length: 5
# name: leaf
# type: scalar
0


# name: param
# type: scalar struct
# ndims: 2
 1 1
# length: 2
# name: A
# type: matrix
# rows: 3
# columns: 4
 0.24998684641969091 0.1660122277357774 0.0029341629958368311 0.049274763568930999
 0.065985352552524593 0.20571930179175862 0.053757355740863891 0.14932316365365933
 0.24038942212278896 0.16263351595590339 0.2371494566749642 0.15746680943865038


# name: B
# type: matrix
# rows: 2
# columns: 4
 0.20029550575925145 0.21587387852125928 0.21675976835481525 0.18114401776478958
 0.22229324208829135 0.20733568721727597 0.069695833372676333 0.19167382323176493




# name: type
# type: sq_string
# elements: 1
# length: 3
mlp


# name: h
# type: scalar
3


# name: children
# type: cell
# rows: 1
# columns: 2
# name: <cell-element>
# type: scalar struct
# ndims: 2
 1 1
# length: 4
# name: leaf
# type: scalar
1


# name: param
# type: scalar struct
# ndims: 2
 1 1
# length: 3
# name: A
# type: matrix
# rows: 3
# columns: 4
 0.4641755350774005 0.4729490579065328 0.32497766978248066 0.11637824212671435
 0.11076384753369115 0.31440161516129767 0.078169985837229755 0.35314049970676098
 0.49909565484989782 0.492898331108584 0.3134784269430409 0.37979644584471983


# name: B
# type: matrix
# rows: 1
# columns: 4
 0.39935223288240534 0.085809231637755862 0.046131386500806858 0.24578783385180233


# name: sig
# type: scalar
1




# name: type
# type: sq_string
# elements: 1
# length: 3
mlp


# name: h
# type: scalar
3





# name: <cell-element>
# type: scalar struct
# ndims: 2
 1 1
# length: 4
# name: leaf
# type: scalar
1


# name: param
# type: scalar struct
# ndims: 2
 1 1
# length: 3
# name: A
# type: matrix
# rows: 3
# columns: 4
 0.11643860016169036 0.011997666989668776 0.031035062500465026 0.39475131479177322
 0.23075081198682776 0.3092733103627176 0.31584900744674466 0.088221382108699481
 0.41999164707471615 0.30816244493152334 0.47556292846286541 0.096838718450949185


# name: B
# type: matrix
# rows: 1
# columns: 4
 0.32653364354908282 0.016256802062665408 0.26278425503179587 0.36017086816416416


# name: sig
# type: scalar
1




# name: type
# type: sq_string
# elements: 1
# length: 3
mlp


# name: h
# type: scalar
3










# name: <cell-element>
# type: scalar struct
# ndims: 2
 1 1
# length: 5
# name: leaf
# type: scalar
0


# name: param
# type: scalar struct
# ndims: 2
 1 1
# length: 2
# name: A
# type: matrix
# rows: 3
# columns: 4
 0.083339172268464309 0.015197323447042676 0.11715723057023149 0.08645677404143827
 0.16510470491195808 0.07248232300743758 0.048150945952574117 0.073944580384823502
 0.076817665648435243 0.14529093069819601 0.17035134273072888 0.19595708747127133


# name: B
# type: matrix
# rows: 2
# columns: 4
 0.24909278870061044 0.17084082146565557 0.11835818064485663 0.11955495836868076
 0.21326210861504913 0.065046485443477617 0.22758774503011858 4.7689728273359042e-05




# name: type
# type: sq_string
# elements: 1
# length: 3
mlp


# name: h
# type: scalar
3


# name: children
# type: cell
# rows: 1
# columns: 2
# name: <cell-element>
# type: scalar struct
# ndims: 2
 1 1
# length: 5
# name: leaf
# type: scalar
0


# name: param
# type: scalar struct
# ndims: 2
 1 1
# length: 2
# name: A
# type: matrix
# rows: 3
# columns: 4
 0.19965233228489898 0.061689014266079353 0.12456425195047148 0.039900059341816577
 0.12594054868646895 0.24626674126499823 0.08054526543310174 0.19384881647288146
 0.10694436877217335 0.21894624331662552 0.056273878282078624 0.21773103047958134


# name: B
# type: matrix
# rows: 3
# columns: 4
 0.19649813259118487 0.184107213624913 0.1711254103004903 0.18248607170889797
 0.16953078555321358 0.23917679644601916 0.14375470590868275 0.19615421542319994
 0.17198790060676739 0.21405814572307577 0.046155759195609533 0.17065560341749778




# name: type
# type: sq_string
# elements: 1
# length: 3
mlp


# name: h
# type: scalar
3


# name: children
# type: cell
# rows: 1
# columns: 3
# name: <cell-element>
# type: scalar struct
# ndims: 2
 1 1
# length: 4
# name: leaf
# type: scalar
1


# name: param
# type: scalar struct
# ndims: 2
 1 1
# length: 3
# name: A
# type: matrix
# rows: 3
# columns: 4
 0.046981471848219013 0.093440504487883908 0.3504754282663971 0.36240037174488554
 0.2342346410451516 0.12482279988667624 0.12239330313986693 0.11744026017628686
 0.29670195350969947 0.34404723346776733 0.44815225118292351 0.13628241705499558


# name: B
# type: matrix
# rows: 1
# columns: 4
 0.14814057298648722 0.28412254592890257 0.4285101498086199 0.041008239615546692


# name: sig
# type: scalar
1




# name: type
# type: sq_string
# elements: 1
# length: 3
mlp


# name: h
# type: scalar
3





# name: <cell-element>
# type: scalar struct
# ndims: 2
 1 1
# length: 4
# name: leaf
# type: scalar
1


# name: param
# type: scalar struct
# ndims: 2
 1 1
# length: 3
# name: A
# type: matrix
# rows: 3
# columns: 4
 0.31480833692746352 0.42775619290320627 0.16172883589506507 0.43477213812556437
 0.21418640897168842 0.32090668462200839 0.37477710989155166 0.069653581981766438
 0.24233640503555273 0.03047193696061664 0.26186547438548363 0.15177195571369836


# name: B
# type: matrix
# rows: 1
# columns: 4
 0.18310903560865913 0.46827055229821896 0.42406453285459123 0.16480842308583546


# name: sig
# type: scalar
1




# name: type
# type: sq_string
# elements: 1
# length: 3
mlp


# name: h
# type: scalar
3





# name: <cell-element>
# type: scalar struct
# ndims: 2
 1 1
# length: 4
# name: leaf
# type: scalar
1


# name: param
# type: scalar struct
# ndims: 2
 1 1
# length: 3
# name: A
# type: matrix
# rows: 3
# columns: 4
 0.37465124584354598 0.06075926764083036 0.37340923453837543 0.36833518728526765
 0.42187994542539808 0.41245765911784876 0.33130322126069289 0.26230784644936661
 0.21331587674935518 0.21752312100449009 0.45746623317358204 0.17608856646366147


# name: B
# type: matrix
# rows: 1
# columns: 4
 0.15770224489542675 0.4608425521760926 0.020075662041611396 0.15418408599775255


# name: sig
# type: scalar
1




# name: type
# type: sq_string
# elements: 1
# length: 3
mlp


