# Created by Octave 5.1.0, Tue Jul 30 15:08:06 2019 GMT <unknown@DESKTOP-DF8RQRR>
# name: L1
# type: matrix
# rows: 1
# columns: 10
 0 0 0 0 0 0 0 0 0 0


# name: L2
# type: matrix
# rows: 1
# columns: 10
 0 0 0 0 0 0 0 0 0 0


# name: argn
# type: sq_string
# elements: 7
# length: 3
hme
# length: 3
X' 
# length: 3
Y' 
# length: 3
10 
# length: 3
0  
# length: 3
0.7
# length: 3
0  


# name: d
# type: scalar
2


# name: h
# type: scalar
1


# name: hme
# type: scalar struct
# ndims: 2
 1 1
# length: 5
# name: leaf
# type: scalar
0


# name: param
# type: scalar struct
# ndims: 2
 1 1
# length: 2
# name: A
# type: matrix
# rows: 3
# columns: 2
 0.086140622531091962 0.1004265525441977
 0.20413315271331189 0.1907280131611134
 0.15990423171787618 0.18420909952938797


# name: B
# type: matrix
# rows: 2
# columns: 4
 0.083375453372771316 0.13477110976877071 0.19435492246635055 0.0077560283708276835
 0.16312351136054443 0.0071502306535795425 0.11749862066274507 0.2327471915883704




# name: type
# type: sq_string
# elements: 1
# length: 3
mlp


# name: h
# type: scalar
3


# name: children
# type: cell
# rows: 1
# columns: 2
# name: <cell-element>
# type: scalar struct
# ndims: 2
 1 1
# length: 5
# name: leaf
# type: scalar
0


# name: param
# type: scalar struct
# ndims: 2
 1 1
# length: 2
# name: A
# type: matrix
# rows: 3
# columns: 2
 0.22409305868173779 0.20255392503530908
 0.14004541666698317 0.18161799124335223
 0.13599838080747287 0.17751656851821729


# name: B
# type: matrix
# rows: 3
# columns: 4
 0.21964458880499593 0.232546377820363 0.00073057049778886269 0.0074464274786582131
 0.054450329116471199 0.071852580440274219 0.19068932656660068 0.17769166886983284
 0.11550043152898588 0.13753981387237008 0.11212676236456244 0.0075328795152569518




# name: type
# type: sq_string
# elements: 1
# length: 3
mlp


# name: h
# type: scalar
3


# name: children
# type: cell
# rows: 1
# columns: 3
# name: <cell-element>
# type: scalar struct
# ndims: 2
 1 1
# length: 4
# name: leaf
# type: scalar
1


# name: param
# type: scalar struct
# ndims: 2
 1 1
# length: 3
# name: A
# type: matrix
# rows: 3
# columns: 2
 0.0015096957374607588 0.47582216362264157
 0.15690650994324815 0.19059008657366402
 0.19972175550637347 0.17240821516774182


# name: B
# type: matrix
# rows: 1
# columns: 4
 0.14314870280692213 0.071431993592650372 0.23191695542336452 0.39792434439428526


# name: sig
# type: scalar
1




# name: type
# type: sq_string
# elements: 1
# length: 3
mlp


# name: h
# type: scalar
3





# name: <cell-element>
# type: scalar struct
# ndims: 2
 1 1
# length: 4
# name: leaf
# type: scalar
1


# name: param
# type: scalar struct
# ndims: 2
 1 1
# length: 3
# name: A
# type: matrix
# rows: 3
# columns: 2
 0.42203764710525826 0.46065287630459489
 0.47635531824351007 0.075697770600804376
 0.28279864802569915 0.49099974315431322


# name: B
# type: matrix
# rows: 1
# columns: 4
 0.25143807464145862 0.31462320962669077 0.41682840289551454 0.32404162051560303


# name: sig
# type: scalar
1




# name: type
# type: sq_string
# elements: 1
# length: 3
mlp


# name: h
# type: scalar
3





# name: <cell-element>
# type: scalar struct
# ndims: 2
 1 1
# length: 4
# name: leaf
# type: scalar
1


# name: param
# type: scalar struct
# ndims: 2
 1 1
# length: 3
# name: A
# type: matrix
# rows: 3
# columns: 2
 0.31218077052008608 0.067591731274645878
 0.39849722459646131 0.26721140470252913
 0.10264412236229667 0.1618372741930407


# name: B
# type: matrix
# rows: 1
# columns: 4
 0.25231215697002729 0.23085257070089135 0.30117483445423643 0.1508839820398761


# name: sig
# type: scalar
1




# name: type
# type: sq_string
# elements: 1
# length: 3
mlp


# name: h
# type: scalar
3










# name: <cell-element>
# type: scalar struct
# ndims: 2
 1 1
# length: 5
# name: leaf
# type: scalar
0


# name: param
# type: scalar struct
# ndims: 2
 1 1
# length: 2
# name: A
# type: matrix
# rows: 3
# columns: 2
 0.1155155900474598 0.094719966898918553
 0.17544557914134451 0.080078893651897756
 0.16074415189599078 0.087215028038182277


# name: B
# type: matrix
# rows: 4
# columns: 4
 0.061038554681334664 0.2261624026092191 0.22468001989860312 0.21270041068115664
 0.22950538490098185 0.13383443834803305 0.13800238128923134 0.15895247365018475
 0.12699694762606065 0.093675197686957021 0.1835255340647329 0.042875289815044612
 0.17139822025074322 0.02818549136797489 0.23925942509563533 0.17867519747378413




# name: type
# type: sq_string
# elements: 1
# length: 3
mlp


# name: h
# type: scalar
3


# name: children
# type: cell
# rows: 1
# columns: 4
# name: <cell-element>
# type: scalar struct
# ndims: 2
 1 1
# length: 4
# name: leaf
# type: scalar
1


# name: param
# type: scalar struct
# ndims: 2
 1 1
# length: 3
# name: A
# type: matrix
# rows: 3
# columns: 2
 0.25769498145430875 0.36151618026148175
 0.22533262004427709 0.11778872522094155
 0.48565984034590076 0.38279998569007523


# name: B
# type: matrix
# rows: 1
# columns: 4
 0.23890397848072467 0.27683670919932596 0.37326429950028833 0.23976544691721954


# name: sig
# type: scalar
1




# name: type
# type: sq_string
# elements: 1
# length: 3
mlp


# name: h
# type: scalar
3





# name: <cell-element>
# type: scalar struct
# ndims: 2
 1 1
# length: 4
# name: leaf
# type: scalar
1


# name: param
# type: scalar struct
# ndims: 2
 1 1
# length: 3
# name: A
# type: matrix
# rows: 3
# columns: 2
 0.09328336268201895 0.37246308036459541
 0.49974499430512936 0.33987506769278791
 0.1332527969531396 0.14783720345362714


# name: B
# type: matrix
# rows: 1
# columns: 4
 0.47181556956059617 0.38877670515351903 0.2135828350075932 0.15538214653547736


# name: sig
# type: scalar
1




# name: type
# type: sq_string
# elements: 1
# length: 3
mlp


# name: h
# type: scalar
3





# name: <cell-element>
# type: scalar struct
# ndims: 2
 1 1
# length: 4
# name: leaf
# type: scalar
1


# name: param
# type: scalar struct
# ndims: 2
 1 1
# length: 3
# name: A
# type: matrix
# rows: 3
# columns: 2
 0.037436724091917471 0.1064306367011901
 0.10829714762232742 0.17586728400777005
 0.1398252825511774 0.48838150830203886


# name: B
# type: matrix
# rows: 1
# columns: 4
 0.29383941591214702 0.30738460569667336 0.35392030362666721 0.1829288680765089


# name: sig
# type: scalar
1




# name: type
# type: sq_string
# elements: 1
# length: 3
mlp


# name: h
# type: scalar
3





# name: <cell-element>
# type: scalar struct
# ndims: 2
 1 1
# length: 4
# name: leaf
# type: scalar
1


# name: param
# type: scalar struct
# ndims: 2
 1 1
# length: 3
# name: A
# type: matrix
# rows: 3
# columns: 2
 0.0032155426984252443 0.09577832066368705
 0.21740520394801124 0.26706028681732347
 0.083554144061926822 0.014176459580060885


# name: B
# type: matrix
# rows: 1
# columns: 4
 0.03370404558738873 0.1686851420239526 0.457550313824588 0.38140985057308224


# name: sig
# type: scalar
1




# name: type
# type: sq_string
# elements: 1
# length: 3
mlp


# name: h
# type: scalar
3














