# Created by Octave 5.1.0, Sun Jul 28 16:24:21 2019 GMT <unknown@EC2AMAZ-J2PQADE>
# name: L1
# type: matrix
# rows: 1
# columns: 10
 0 0 0 0 0 0 0 0 0 0


# name: L2
# type: matrix
# rows: 1
# columns: 10
 0 0 0 0 0 0 0 0 0 0


# name: argn
# type: sq_string
# elements: 7
# length: 3
hme
# length: 3
X' 
# length: 3
Y' 
# length: 3
10 
# length: 3
0  
# length: 3
0.7
# length: 3
1  


# name: d
# type: scalar
2


# name: h
# type: scalar
1


# name: hme
# type: scalar struct
# ndims: 2
 1 1
# length: 5
# name: leaf
# type: scalar
0


# name: param
# type: scalar struct
# ndims: 2
 1 1
# length: 2
# name: A
# type: matrix
# rows: 3
# columns: 2
 0.11362633718656411 0.13372770789613914
 0.18455074299481353 0.070486506366626664
 0.15709911362072945 0.040231243219863808


# name: B
# type: matrix
# rows: 4
# columns: 4
 0.061028348390133866 0.066718319949448587 0.009994676046665079 0.064171982049707824
 0.24999463658688023 0.10697424425682449 0.087501690259706319 0.11618384981749426
 0.1246665825557645 0.029418476870147574 0.007006543727436876 0.0094105585149602648
 0.24638720453565827 0.098087676733532594 0.026260427195829755 0.13903304246097326




# name: type
# type: sq_string
# elements: 1
# length: 3
mlp


# name: h
# type: scalar
3


# name: children
# type: cell
# rows: 1
# columns: 4
# name: <cell-element>
# type: scalar struct
# ndims: 2
 1 1
# length: 5
# name: leaf
# type: scalar
0


# name: param
# type: scalar struct
# ndims: 2
 1 1
# length: 2
# name: A
# type: matrix
# rows: 3
# columns: 2
 0.12196370027131491 0.026235852666626241
 0.095660526374083024 0.19200739213160778
 0.014008860946944212 0.17403882186562825


# name: B
# type: matrix
# rows: 4
# columns: 4
 0.081160110959386508 0.05808652501537355 0.20960150768725144 0.22837516886845763
 0.22172666268646279 0.10579595751131406 0.038747842003067898 0.1180960038698446
 0.16618944589668083 0.17025334688972332 0.11832003836106746 0.226850539080695
 0.10500808733517607 0.079643299951602339 0.051929152327520947 0.17160303872832372




# name: type
# type: sq_string
# elements: 1
# length: 3
mlp


# name: h
# type: scalar
3


# name: children
# type: cell
# rows: 1
# columns: 4
# name: <cell-element>
# type: scalar struct
# ndims: 2
 1 1
# length: 5
# name: leaf
# type: scalar
0


# name: param
# type: scalar struct
# ndims: 2
 1 1
# length: 2
# name: A
# type: matrix
# rows: 3
# columns: 2
 0.20764956187146608 0.14210251669574755
 0.026383893844794542 0.1058806192122468
 0.19634005818648781 0.13534382758504868


# name: B
# type: matrix
# rows: 4
# columns: 4
 0.12391208145960957 0.1616186726923694 0.13607813544971573 0.20113879984221986
 0.067621389908617699 0.0267724336955928 0.099224408326958904 0.14833428301684734
 0.052358409236336903 0.094404659431804303 0.085922966743140858 0.038085763101926393
 0.12410525853779712 0.12403465824318662 0.22474240143090665 0.0086291098422091976




# name: type
# type: sq_string
# elements: 1
# length: 3
mlp


# name: h
# type: scalar
3


# name: children
# type: cell
# rows: 1
# columns: 4
# name: <cell-element>
# type: scalar struct
# ndims: 2
 1 1
# length: 4
# name: leaf
# type: scalar
1


# name: param
# type: scalar struct
# ndims: 2
 1 1
# length: 3
# name: A
# type: matrix
# rows: 3
# columns: 2
 0.4779796673698567 0.48408058595164699
 0.017983233178462142 0.47951928648847653
 0.088976254204632926 0.42846387846678741


# name: B
# type: matrix
# rows: 1
# columns: 4
 0.0075218565104369865 0.16334874056224988 0.43163440433675465 0.057209887510251876


# name: sig
# type: scalar
1




# name: type
# type: sq_string
# elements: 1
# length: 3
mlp


# name: h
# type: scalar
3





# name: <cell-element>
# type: scalar struct
# ndims: 2
 1 1
# length: 4
# name: leaf
# type: scalar
1


# name: param
# type: scalar struct
# ndims: 2
 1 1
# length: 3
# name: A
# type: matrix
# rows: 3
# columns: 2
 0.35186980898338427 0.21523409052851269
 0.37975340084591164 0.33537687334371141
 0.23924489533265933 0.18603928276449319


# name: B
# type: matrix
# rows: 1
# columns: 4
 0.1610475050507563 0.32063877012646047 0.10537810218870711 0.11096820467132315


# name: sig
# type: scalar
1




# name: type
# type: sq_string
# elements: 1
# length: 3
mlp


# name: h
# type: scalar
3





# name: <cell-element>
# type: scalar struct
# ndims: 2
 1 1
# length: 4
# name: leaf
# type: scalar
1


# name: param
# type: scalar struct
# ndims: 2
 1 1
# length: 3
# name: A
# type: matrix
# rows: 3
# columns: 2
 0.14516941343638476 0.30638568955200335
 0.4609635617824468 0.25461561351381357
 0.25121363602944041 0.177173213327351


# name: B
# type: matrix
# rows: 1
# columns: 4
 0.15993805044218376 0.032745544946674331 0.31030334806652166 0.24848788807019814


# name: sig
# type: scalar
1




# name: type
# type: sq_string
# elements: 1
# length: 3
mlp


# name: h
# type: scalar
3





# name: <cell-element>
# type: scalar struct
# ndims: 2
 1 1
# length: 4
# name: leaf
# type: scalar
1


# name: param
# type: scalar struct
# ndims: 2
 1 1
# length: 3
# name: A
# type: matrix
# rows: 3
# columns: 2
 0.1806419997245691 0.49987599365192109
 0.34044642533588165 0.27655741749953233
 0.32114104263941429 0.43170027050905618


# name: B
# type: matrix
# rows: 1
# columns: 4
 0.074849634382240932 0.23671344719277235 0.45066054709506115 0.49711196912274286


# name: sig
# type: scalar
1




# name: type
# type: sq_string
# elements: 1
# length: 3
mlp


# name: h
# type: scalar
3










# name: <cell-element>
# type: scalar struct
# ndims: 2
 1 1
# length: 5
# name: leaf
# type: scalar
0


# name: param
# type: scalar struct
# ndims: 2
 1 1
# length: 2
# name: A
# type: matrix
# rows: 3
# columns: 2
 0.010085024886938364 0.080567683017524802
 0.13890058388137622 0.11123382669619329
 0.044994672735504684 0.13207453712183323


# name: B
# type: matrix
# rows: 4
# columns: 4
 0.09217056072738207 0.0078595576588343756 0.065789853631620779 0.17165519945929253
 0.012096167177660693 0.015255099168678964 0.074067284195154917 0.055976912678264448
 0.073809360439096652 0.19564688865925725 0.02807159896981538 0.18673462199592036
 0.12903492800796179 0.19189443254069372 0.14374772034212474 0.12738607088208756




# name: type
# type: sq_string
# elements: 1
# length: 3
mlp


# name: h
# type: scalar
3


# name: children
# type: cell
# rows: 1
# columns: 4
# name: <cell-element>
# type: scalar struct
# ndims: 2
 1 1
# length: 4
# name: leaf
# type: scalar
1


# name: param
# type: scalar struct
# ndims: 2
 1 1
# length: 3
# name: A
# type: matrix
# rows: 3
# columns: 2
 0.1733500657122756 0.13250258953002006
 0.28948717608241753 0.26739940546375163
 0.18275717074691147 0.38397140909497218


# name: B
# type: matrix
# rows: 1
# columns: 4
 0.34286264854610055 0.46046559061418951 0.36457091485882015 0.042830117685021617


# name: sig
# type: scalar
1




# name: type
# type: sq_string
# elements: 1
# length: 3
mlp


# name: h
# type: scalar
3





# name: <cell-element>
# type: scalar struct
# ndims: 2
 1 1
# length: 4
# name: leaf
# type: scalar
1


# name: param
# type: scalar struct
# ndims: 2
 1 1
# length: 3
# name: A
# type: matrix
# rows: 3
# columns: 2
 0.40975804077028982 0.010398217849657188
 0.080102706539669583 0.39370158120438026
 0.32445057130117178 0.068523078338862703


# name: B
# type: matrix
# rows: 1
# columns: 4
 0.095093528445851255 0.12691382633306206 0.26832899848751823 0.18506478731400136


# name: sig
# type: scalar
1




